210001 		01234567890		4.00		AAA
210002 		01234567890		4.00		AAB
210003 		01234567890		4.00		AAC
210004 		01234567890		4.00		AAD
210005 		01234567890		4.00		AAE
210006 		01234567890		4.00		AAF
210007 		01234567890		4.00		AAG
210008 		01234567890		3.97		AAH
210009 		01234567890		3.97		AAI
210010 		01234567890		3.93		AAJ
210011 		01234567890		3.93		AAK
210012 		01234567890		3.91		AAL
210013 		01234567890		3.91		AAM
210014		01234567890		3.87		AAN
210015 		01234567890		3.87		AAO
210016 		01234567890		3.87		AAP
210017 		01234567890		3.87		AAQ
210018 		01234567890		3.84		AAR
210019 		01234567890		3.84		AAS
210020 		01234567890		3.81		AAT
210021 		01234567890		3.78		AAU
210022 		01234567890		3.76		AAV
210023 		01234567890		3.75		AAW
210024 		01234567890		3.75		AAX
210025 		01234567890		3.75		AAY
210026 		01234567890		3.75		AAZ
210027 		01234567890		3.74		ABA
210028 		01234567890		3.74		ABB
210029 		01234567890		3.72		ABC
210030 		01234567890		3.71		ABD
210031 		01234567890		3.68		ABE
210032 		01234567890		3.68		ABF
210033 		01234567890		3.68		ABG
210034 		01234567890		3.68		ABH
210035 		01234567890		3.66		ABI
210036 		01234567890		3.65		ABJ
210037 		01234567890		3.63		ABK
210038 		01234567890		3.61		ABL
210039 		01234567890		3.61		ABM
210040		01234567890		3.59		ABN
210041 		01234567890		3.59		ABO
210042 		01234567890		3.57		ABP
210043 		01234567890		3.57		ABQ
210044 		01234567890		3.53		ABR
210045 		01234567890		3.50		ABS
210046 		01234567890		3.50		ABT
210047 		01234567890		3.50		ABU
210048 		01234567890		3.45		ABV
210049 		01234567890		3.40		ABW
210050 		01234567890		3.34		ABX
210051 		01234567890		3.31		ABY
210052 		01234567890		3.30		ABZ
210053 		01234567890		3.28		ACA
210054 		01234567890		3.25		ACB
210055		01234567890		3.25		ACC
210056		01234567890		3.25		ACD
210057		01234567890		3.17		ACE
210058		01234567890		3.17		ACF
210059		01234567890		3.15		ACG
210060		01234567890		3.12		ACH
210061		01234567890		3.10		ACI
210062		01234567890		3.09		ACJ
210063 		01234567890		3.07		ACK
210064 		01234567890		3.05		ACL
210065 		01234567890		3.02		ACM
210066 		01234567890		3.00		ACN
210067 		01234567890		2.97		ACO
210068 		01234567890		2.94		ACP
210069 		01234567890		2.84		ACQ
210070 		01234567890		2.75		ACR
210071 		01234567890		2.55		ACS
210072 		01234567890		2.44		ACT
210073 		01234567890		2.33		ACU
210074 		01234567890		2.30		ACV
210075 		01234567890		2.28		ACW
210076 		01234567890		2.19		ACX
210077 		01234567890		-1.00		ACY
210078          01234567890		2.71            mahadi hasan
210079          01234567890		3.79            mahadi ha ha 
210080          01234567890		3.11            yahoo
210081          01234567890		3.71            lol
210082          01234567890		3.71            md mehdi 
210083          01234567890		3.75            halua
210084          01234567890		3.75            mahadi
210085          01234567890		3.68            jlfhsjkhfg
210086          01234567890		3.68            Md. Mehedi Hasan
210087          01234567890		3.57            Mahadi
210088          01234567890		3.04            jarin
210089          01234567890		3.39            Md. Mehedi Haasn
210090          1793822958              3.64            dildar
210091          140714807060            0.00            ;jklghl
210092          3578974           	4.00            jhgjsfk
210093          23543576  	 	4.00            jklsf
210094          1793822958              3.32            Md. Mehedi Hasan
210095          1793822958              3.32            Md. Mehedi
210096          837534905348            3.61            Hello
210097          7847595348              3.82            jsf
210098          85479043                3.39            jhrfklsdf
210099          7893453                 3.43            kfdljl
210100          3485943577            	3.32            HASAN
210101          4985948591           	3.32            Md. Emon
210102          893748973            	3.32            jksdlfj
210104          1234567890            3.71            Sharukh Khan
